36
26
32
30
35
15
107
43
46
73
56
31
68
49
36
51
51
41
15
69
71
35
16
111
42
112
8
43
47
100
49
97
37
111
94
98
24
7
53
64
102
116
8
63
5
76
38
115
119
56
116
59
96
3
3
90
27
65
110
34
47
100
2
30
10
68
98
83
29
44
17
68
114
4
85
50
17
51
16
94
0
1
117
76
49
103
14
42
79
42
14
50
118
3
117
62
23
2
37
40
86
41
24
61
108
36
110
10
0
94
29
71
26
70
54
78
5
82
47
16
27
0
4
29
33
6
85
116
85
21
115
88
114
73
99
76
28
71
119
14
28
88
91
31
102
118
8
41
110
49
26
86
12
8
72
24
55
106
45
70
77
60
22
19
92
82
35
104
7
110
39
50
11
39
9
42
101
14
21
19
116
18
117
51
82
62
5
102
108
110
15
28
119
114
111
54
4
36
20
72
78
7
96
109
90
39
44
95
98
48
51
5
117
85
45
77
32
36
43
6
31
75
46
55
67
41
32
89
38
8
107
81
111
6
34
56
29
27
9
109
118
42
64
24
37
94
111
79
97
73
99
113
27
29
47
30
41
108
87
92
50
82
67
21
53
61
118
30
52
73
43
23
78
84
39
20
99
59
5
11
45
102
89
71
119
64
30
105
27
23
47
44
101
105
55
55
19
13
89
35
58
46
103
117
43
11
4
17
66
118
14
24
80
46
38
83
80
33
37
89
79
49
100
9
89
35
86
12
55
13
64
38
52
12
96
69
35
54
56
93
79
82
75
23
112
101
67
59
105
29
96
34
108
44
69
23
80
51
35
23
50
18
30
2
97
95
115
110
36
46
99
106
3
82
87
67
90
60
67
103
42
77
37
33
116
11
97
40
75
66
49
31
68
112
100
118
22
71
52
58
5
56
1
1
1
1
1
1
1
1
1
1
1
1
1
1
1
1
1
1
1
1
1
1
1
1
1
1
1
1
1
1
1
1
1
1
1
1
1
1
1
1
1
1
1
1
1
1
1
1
1
1
1
1
1
1
1
1
1
1
1
1
1
1
1
1
1
1
1
1
1
1
1
1
1
1
1
1
1
1
1
1
1
1
1
1
1
1
1
1
1
1
1
1
1
1
1
1
1
1
1
1
1
1
1
1
1
1
1
1
1
1
1
1
1
1
1
1
1
1
1
1
1
1
1
1
1
1
1
1
1
1
1
1
1
1
1
1
1
1
1
1
1
1
1
1
1
1
1
1
1
1
1
1
1
1
1
1
1
1
1
1
1
1
1
1
1
1
1
1
1
1
1
1
1
1
1
1
1
1
1
1
1
1
1
1
1
1
1
1
1
1
1
1
1
1
1
1
1
1
1
1
1
1
1
1
1
1
1
1
1
1
1
1
1
1
1
1
1
1
1
1
1
1
1
1
1
1
1
1
1
1
1
1
1
1
1
1
1
1
1
1
1
1
1
1
1
1
1
1
1
1
1
1
1
1
1
1
1
1
1
1
1
1
1
1
1
1
1
1
1
1
1
1
1
1
1
1
1
1
1
1
1
1
1
1
1
1
1
1
1
1
1
1
1
1
1
1
1
1
1
1
1
1
1
1
1
1
1
1
1
1
1
1
1
1
1
1
1
1
1
1
1
1
1
1
1
1
1
1
1
1
1
1
1
1
1
1
1
1
1
1
1
1
1
1
1
1
1
1
1
1
1
1
1
1
1
1
1
1
1
1
1
1
1
1
1
1
1
1
1
1
1
1
1
1
1
1
1
1
1
1
1
1
1
1
1
1
1
1
1
1
1
1
1
1
1
1
1
1
1
1
1
1
1
1
1
1
1
1
1
1
1
1
1
1
1
1
1
1
1
1
1
1
1
1
1
1
1
1
1
1
1
1
1
1
1
1
1
1
1
1
1
1
1
1
1
1
1
1
1
1
1
1
1
1
1
1
1
1
1
1
1
1
1
1
1
1
1
1
1
1
1
1
1
1
1
1
1
1
1
1
1
1
1
1
1
1
1
1
1
1
1
1
1
1
1
1
1
1
1
1
1
1
1
1
1
1
1
1
1
1
1
1
1
1
1
1
1
1
1
1
1
1
1
1
1
1
1
1
1
1
1
1
1
1
1
1
1
1
1
1
1
1
1
1
1
1
1
1
1
1
1
1
1
1
1
1
1
1
1
1
1
1
1
1
1
1
1
1
1
1
1
1
1
1
1
1
1
1
1
1
1
1
1
1
1
1
1
1
1
1
1
1
1
1
1
1
1
1
