5
15
27
83
3
23
27
19
85
79
45
85
69
31
65
65
35
15
53
11
45
33
55
35
77
7
39
79
27
43
31
37
37
5
1
69
71
37
9
31
77
75
69
59
3
25
69
43
81
45
75
51
35
29
89
83
77
3
33
1
27
73
27
53
73
69
69
69
81
21
27
69
11
1
13
33
57
5
25
1
83
25
17
55
1
79
21
77
31
47
51
33
19
29
17
27
9
57
67
43
75
75
11
55
29
5
3
73
83
61
81
75
15
43
11
29
33
67
87
85
17
53
31
51
59
35
43
15
43
5
43
19
41
49
71
85
19
15
51
51
79
49
25
55
77
79
39
75
63
31
75
45
77
69
47
41
13
25
53
13
87
53
37
61
27
37
3
51
7
3
11
3
45
11
71
17
45
51
35
61
45
29
77
35
7
57
33
17
59
33
53
79
21
71
65
41
1
35
63
47
89
67
5
61
23
41
21
33
39
29
35
33
47
73
23
57
27
35
19
35
55
53
25
13
7
75
87
81
69
69
27
5
5
65
1
75
21
77
41
1
49
47
1
11
7
61
35
31
37
49
41
39
17
51
57
83
45
29
77
87
63
7
7
5
9
55
79
53
37
49
19
39
59
71
11
3
11
21
3
15
23
17
21
45
51
31
23
23
47
9
87
81
15
83
43
43
31
19
81
33
49
25
19
47
49
15
61
87
35
49
21
71
33
85
9
9
3
29
37
51
1
1
73
11
21
3
15
17
13
79
61
9
67
17
35
41
63
71
75
89
1
37
23
39
67
15
67
51
53
21
65
31
89
51
71
69
63
65
63
39
33
89
23
27
7
33
43
63
65
55
11
55
29
67
47
37
23
23
67
49
17
87
67
89
15
75
67
73
83
65
61
85
39
67
43
19
67
45
67
19
63
45
25
25
25
25
25
25
25
25
25
25
25
25
25
25
25
25
25
25
25
25
25
25
25
25
25
25
25
25
25
25
25
25
25
25
25
25
25
25
25
25
25
25
25
25
25
25
25
25
25
25
25
25
25
25
25
25
25
25
25
25
25
25
25
25
25
25
25
25
25
25
25
25
25
25
25
25
25
25
25
25
25
25
25
25
25
25
25
25
25
25
25
25
25
25
25
25
25
25
25
25
25
25
25
25
25
25
25
25
25
25
25
25
25
25
25
25
25
25
25
25
25
25
25
25
25
25
25
25
25
25
25
25
25
25
25
25
25
25
25
25
25
25
25
25
25
25
25
25
25
25
25
25
25
25
25
25
25
25
25
25
25
25
25
25
25
25
25
25
25
25
25
25
25
25
25
25
25
25
25
25
25
25
25
25
25
25
25
25
25
25
25
25
25
25
25
25
25
25
25
25
25
25
25
25
25
25
25
25
25
25
25
25
25
25
25
25
25
25
25
25
25
25
25
25
25
25
25
25
25
25
25
25
25
25
25
25
25
25
25
25
25
25
25
25
25
25
25
25
25
25
25
25
25
25
25
25
25
25
25
25
25
25
25
25
25
25
25
25
25
25
25
25
25
25
25
25
25
25
25
25
25
25
25
25
25
25
25
25
25
25
25
25
25
25
25
25
25
25
25
25
25
25
25
25
25
25
25
25
25
25
25
25
25
25
25
25
25
25
25
25
25
25
25
25
25
25
25
25
25
25
25
25
25
25
25
25
25
25
25
25
25
25
25
25
25
25
25
25
25
25
25
25
25
25
25
25
25
25
25
25
25
25
25
25
25
25
25
25
25
25
25
25
25
25
25
25
25
25
25
25
25
25
25
25
25
25
25
25
25
25
25
25
25
25
25
25
25
25
25
25
25
25
25
25
25
25
25
25
25
25
25
25
25
25
25
25
25
25
25
25
25
25
25
25
25
25
25
25
25
25
25
25
25
25
25
25
25
25
25
25
25
25
25
25
25
25
25
25
25
25
25
25
25
25
25
25
25
25
25
25
25
25
25
25
25
25
25
25
25
25
25
25
25
25
25
25
25
25
25
25
25
25
25
25
25
25
25
25
25
25
25
25
25
25
25
25
25
25
25
25
25
25
25
25
25
25
25
25
25
25
25
25
25
25
25
25
25
25
25
25
25
25
25
25
25
25
25
25
25
25
25
25
25
25
25
25
25
25
25
25
25
25
25
25
25
25
25
25
25
25
25
25
25
25
25
25
25
25
25
25
25
25
25
25
25
25
25
25
25
25
25
25
25
25
25
25
25
25
25
25
25
25
25
25
25
25
25
25
25
25
25
25
25
25
25
25
25
25
