83
33
63
53
78
78
38
18
33
68
83
58
43
48
83
58
58
8
78
48
58
78
83
58
13
63
43
18
38
3
48
88
88
58
73
93
23
38
68
23
13
83
43
18
28
83
93
78
98
83
83
98
83
18
18
53
38
28
53
73
38
3
13
53
53
43
93
18
48
23
88
43
73
23
28
53
88
58
83
73
3
8
88
83
48
18
73
13
98
13
73
53
93
18
88
13
18
13
88
3
33
8
23
8
43
83
53
53
3
73
48
58
33
53
73
93
28
13
38
83
38
3
23
48
68
33
28
83
28
8
78
43
73
68
98
83
43
58
98
73
43
43
58
58
13
93
43
8
53
48
33
33
63
43
63
23
78
33
28
53
88
3
13
98
63
13
78
23
38
53
98
53
58
98
48
13
8
73
8
98
83
93
88
58
13
13
28
13
43
53
78
43
98
73
58
73
23
83
3
63
93
38
83
48
53
98
23
78
93
43
58
28
88
28
28
88
63
83
18
33
58
78
33
78
38
8
63
48
93
43
38
8
58
33
73
83
48
38
48
48
93
13
23
23
88
73
58
98
88
68
98
68
38
48
38
53
8
43
38
63
53
13
38
8
68
8
93
53
63
68
18
18
93
23
98
3
98
98
28
58
28
13
48
58
98
23
53
28
38
18
38
23
8
28
78
78
98
68
48
78
93
33
18
88
18
58
23
88
33
93
73
23
3
33
93
18
3
68
88
48
98
48
3
48
48
78
33
63
78
68
23
93
63
63
83
48
78
73
83
68
98
13
78
18
63
8
38
98
28
48
83
73
43
23
48
18
3
58
78
18
53
93
53
13
88
78
78
53
83
33
98
33
18
13
38
38
53
3
38
18
13
88
88
68
83
58
88
3
78
33
48
58
43
63
3
93
13
58
63
93
28
83
8
8
8
8
8
8
8
8
8
8
8
8
8
8
8
8
8
8
8
8
8
8
8
8
8
8
8
8
8
8
8
8
8
8
8
8
8
8
8
8
8
8
8
8
8
8
8
8
8
8
8
8
8
8
8
8
8
8
8
8
8
8
8
8
8
8
8
8
8
8
8
8
8
8
8
8
8
8
8
8
8
8
8
8
8
8
8
8
8
8
8
8
8
8
8
8
8
8
8
8
8
8
8
8
8
8
8
8
8
8
8
8
8
8
8
8
8
8
8
8
8
8
8
8
8
8
8
8
8
8
8
8
8
8
8
8
8
8
8
8
8
8
8
8
8
8
8
8
8
8
8
8
8
8
8
8
8
8
8
8
8
8
8
8
8
8
8
8
8
8
8
8
8
8
8
8
8
8
8
8
8
8
8
8
8
8
8
8
8
8
8
8
8
8
8
8
8
8
8
8
8
8
8
8
8
8
8
8
8
8
8
8
8
8
8
8
8
8
8
8
8
8
8
8
8
8
8
8
8
8
8
8
8
8
8
8
8
8
8
8
8
8
8
8
8
8
8
8
8
8
8
8
8
8
8
8
8
8
8
8
8
8
8
8
8
8
8
8
8
8
8
8
8
8
8
8
8
8
8
8
8
8
8
8
8
8
8
8
8
8
8
8
8
8
8
8
8
8
8
8
8
8
8
8
8
8
8
8
8
8
8
8
8
8
8
8
8
8
8
8
8
8
8
8
8
8
8
8
8
8
8
8
8
8
8
8
8
8
8
8
8
8
8
8
8
8
8
8
8
8
8
8
8
8
8
8
8
8
8
8
8
8
8
8
8
8
8
8
8
8
8
8
8
8
8
8
8
8
8
8
8
8
8
8
8
8
8
8
8
8
8
8
8
8
8
8
8
8
8
8
8
8
8
8
8
8
8
8
8
8
8
8
8
8
8
8
8
8
8
8
8
8
8
8
8
8
8
8
8
8
8
8
8
8
8
8
8
8
8
8
8
8
8
8
8
8
8
8
8
8
8
8
8
8
8
8
8
8
8
8
8
8
8
8
8
8
8
8
8
8
8
8
8
8
8
8
8
8
8
8
8
8
8
8
8
8
8
8
8
8
8
8
8
8
8
8
8
8
8
8
8
8
8
8
8
8
8
8
8
8
8
8
8
8
8
8
8
8
8
8
8
8
8
8
8
8
8
8
8
8
8
8
8
8
8
8
8
8
8
8
8
8
8
8
8
8
8
8
8
8
8
8
8
8
8
8
8
8
8
8
8
8
8
8
8
8
8
8
8
8
8
8
8
8
8
8
8
8
8
8
8
8
8
8
8
8
8
8
8
8
8
8
8
8
8
8
8
8
